0,
767,
6,
776,
8,
396,
130,
1151,
765,
881,
394,
798,
1508,
1142,
467,
513,
2,
824,
242,
164,
21,
584,
926,
1020,
68,
1460,
421,
371,
238,
202,
1315,
1343,
769,
883,
72,
1223,
778,
800,
260,
891,
997,
670,
959,
219,
760,
1215,
909,
1238,
12,
1012,
25,
833,
248,
1386,
504,
211,
914,
534,
298,
441,
1503,
156,
1498,
988,
773,
785,
16,
1004,
830,
522,
477,
1179,
1220,
1066,
1259,
1083,
161,
1053,
495,
1378,
764,
996,
1507,
759,
1009,
841,
34,
1253,
880,
669,
1141,
1214,
821,
1171,
121,
388,
1001,
1246,
918,
577,
790,
1231,
81,
180,
574,
286,
600,
1438,
756,
752,
234,
817,
782,
173,
252,
793,
170,
1352,
1325,
1061,
1243,
1107,
639,
1078,
993,
570,
64,
876,
4,
70,
128,
258,
244,
423,
1415,
90,
774,
1221,
1149,
889,
17,
1260,
42,
404,
126,
717,
1413,
1279,
500,
864,
360,
1428,
256,
186,
88,
1393,
922,
1444,
607,
541,
826,
1462,
719,
188,
166,
373,
1281,
1395,
786,
1067,
1332,
807,
1005,
1084,
646,
677,
473,
941,
313,
341,
1321,
736,
1045,
279,
77,
1090,
1267,
1468,
30,
1186,
485,
592,
1148,
1331,
41,
645,
208,
1204,
977,
1368,
888,
806,
403,
676,
1017,
1159,
139,
848,
393,
958,
466,
908,
1383,
622,
328,
633,
797,
218,
512,
1237,
581,
448,
306,
292,
1176,
109,
1122,
1479,
1058,
745,
1196,
102,
177,
898,
268,
1358,
1250,
226,
967,
1113,
519,
703,
335,
436,
1349,
1301,
697,
1102,
1228,
379,
430,
1073,
838,
1028,
935,
529,
771,
999,
828,
788,
74,
961,
721,
1334,
783,
1244,
520,
1229,
253,
640,
336,
431,
1146,
1174,
206,
1056,
1264,
451,
1448,
1162,
1329,
107,
1202,
743,
85,
1363,
274,
1097,
885,
672,
1464,
1069,
1225,
221,
190,
809,
174,
1108,
704,
380,
794,
1079,
437,
1074,
400,
844,
588,
525,
427,
625,
868,
1207,
265,
682,
410,
194,
509,
1374,
984,
872,
887,
176,
1016,
1249,
1466,
706,
945,
112,
805,
897,
1158,
225,
1391,
98,
1424,
629,
1219,
573,
160,
755,
1088,
1031,
1190,
229,
1065,
285,
1052,
751,
184,
1475,
1275,
904,
674,
1110,
538,
289,
1071,
382,
1094,
901,
1356,
1402,
1289,
1307,
1235,
814,
1340,
385,
804,
1355,
1390,
1234,
377,
1304,
740,
748,
896,
1401,
97,
813,
216,
1435,
368,
1211,
14,
916,
475,
79,
27,
300,
315,
1269,
1002,
575,
1177,
178,
919,
601,
1123,
269,
39,
1120,
975,
1194,
482,
1486,
1130,
949,
643,
1477,
1366,
100,
604,
555,
558,
1292,
1014,
536,
943,
1092,
835,
443,
343,
1470,
1247,
287,
110,
899,
578,
1439,
1480,
1359,
136,
653,
50,
726,
932,
856,
148,
1453,
964,
1033,
454,
708,
303,
351,
1489,
414,
402,
267,
138,
966,
590,
412,
52,
456,
675,
1357,
847,
1112,
539,
1290,
656,
686,
1258,
599,
494,
233,
1184,
349,
322,
116,
1082,
1437,
1377,
816,
1442,
553,
354,
1310,
846,
684,
655,
1035,
527,
196,
728,
710,
1111,
1403,
685,
1404,
290,
1308,
1036,
1405,
1157,
1288,
1423,
1339,
1026,
549,
617,
1167,
224,
1306,
628,
384,
446,
551,
859,
198,
1510,
10,
19,
246,
469,
132,
44,
1417,
822,
1010,
582,
1384,
122,
35,
307,
329,
124,
471,
498,
1319,
309,
46,
142,
611,
715,
939,
862,
734,
1409,
971,
1039,
691,
1144,
398,
1262,
425,
515,
1153,
405,
92,
1172,
842,
449,
623,
389,
1254,
293,
634,
37,
134,
480,
930,
331,
1419,
979,
363,
1118,
651,
1484,
854,
462,
490,
1493,
59,
255,
76,
921,
29,
338,
723,
1125,
317,
185,
1089,
1443,
1185,
1276,
1191,
355,
323,
67,
913,
237,
1502,
938,
650,
970,
489,
1459,
533,
201,
155,
714,
1117,
1408,
461,
642,
963,
603,
302,
433,
1336,
270,
1271,
1476,
1032,
554,
350,
905,
230,
1311,
117,
1328,
264,
84,
508,
700,
1285,
1198,
1048,
106,
681,
1362,
1373,
955,
596,
417,
1137,
240,
23,
924,
502,
1317,
928,
609,
362,
162,
831,
1018,
209,
496,
478,
140,
978,
1411,
311,
358,
1043,
1041,
144,
660,
662,
1277,
339,
1426,
277,
356,
1126,
658,
561,
204,
586,
1446,
866,
1345,
1022,
542,
1430,
1054,
523,
1160,
1205,
1379,
1180,
849,
1369,
973,
48,
1128,
146,
693,
613,
562,
663,
1192,
724,
947,
1451,
324,
318,
54,
1133,
87,
1266,
606,
484,
276,
1450,
560,
1132,
1392,
1467,
540,
591,
1425,
946,
657,
53,
420,
297,
1314,
1497,
733,
853,
690,
58,
370,
440,
1342,
987,
861,
1483,
1038,
1492,
1365,
453,
557,
1488,
1099,
1164,
1293,
951,
99,
707,
1291,
413,
630,
113,
687,
457,
1201,
409,
273,
983,
1298,
546,
1295,
565,
742,
193,
1096,
871,
619,
346,
730,
151,
762,
780,
1007,
168,
911,
262,
648,
1283,
994,
171,
839,
1350,
65,
1326,
936,
698,
391,
517,
1381,
1347,
295,
407,
851,
544,
956,
701,
620,
1299,
418,
1199,
731,
1296,
1217,
802,
1086,
375,
1240,
893,
678,
1397,
571,
1353,
1029,
1302,
877,
1062,
530,
1103,
1256,
1155,
1182,
1024,
636,
94,
1370,
1431,
597,
1286,
347,
547,
1138,
1049,
152,
566,
796,
1227,
580,
837,
439,
192,
1482,
345,
217,
378,
447,
1027,
369,
741,
860,
618,
879,
1242,
820,
992,
532,
680,
1116,
595,
668,
1106,
1170,
569,
1458,
105,
713,
954,
1081,
223,
1441,
445,
1076,
811,
1360,
1472,
1436,
1305,
552,
550,
1212,
749,
199,
1168,
1064,
895,
183,
215,
1105,
1399,
104,
282,
284,
1400,
1474,
1434,
667,
283,
1457,
666,
1505,
250,
32,
1323,
1500,
506,
487,
1047,
757,
791,
1251,
1059,
235,
82,
968,
1197,
464,
333,
326,
695,
1495,
981,
56,
564,
906,
434,
631,
1100,
1312,
271,
688,
1294,
158,
1388,
1188,
738,
990,
213,
593,
281,
753,
1232,
227,
746,
818,
181,
1114,
103,
492,
1421,
320,
615,
61,
365,
1134,
664,
231,
1337,
114,
1165,
118,
1272,
458,
952,
511,
429,
305,
934,
986,
870,
1491,
150,
1236,
1072,
291,
528,
1341,
1095,
1037,
729,
1140,
638,
120,
63,
154,
1372,
460,
1136,
1213,
1077,
387,
875,
200,
1361,
1407,
416,
1376,
627,
353,
858,
874,
1209,
415,
1455,
815,
383,
1309,
197,
386,
902,
1406,
711,
1051,
96,
1274,
367,
568,
1433,
953,
665,
750,
812,
903,
1210,
1169,
1473,
712,
1456,
1,
3,
770,
13,
772,
1147,
886,
401,
1511,
125,
1145,
38,
763,
392,
1218,
1257,
766,
69,
998,
915,
784,
1330,
175,
266,
823,
716,
1173,
1119,
995,
957,
572,
598,
5,
127,
827,
474,
15,
40,
1015,
137,
241,
1412,
205,
974,
1506,
465,
159,
493,
775,
257,
787,
78,
1003,
644,
1248,
965,
163,
1278,
1055,
1193,
758,
907,
754,
232,
9,
22,
779,
249,
75,
1265,
1226,
428,
470,
310,
516,
332,
912,
296,
1241,
637,
1509,
239,
761,
1504,
254,
86,
795,
510,
123,
1410,
390,
463,
66,
419,
878,
1139,
245,
501,
167,
1322,
28,
483,
836,
933,
1318,
1042,
1346,
694,
1501,
1496,
991,
62,
18,
923,
1006,
31,
920,
605,
579,
304,
497,
357,
1380,
325,
236,
1313,
819,
119,
768,
825,
884,
1013,
1000,
1175,
673,
845,
11,
472,
399,
135,
781,
518,
803,
1156,
882,
1461,
671,
535,
1245,
108,
1109,
683,
1011,
940,
843,
652,
172,
702,
1354,
1287,
71,
718,
1463,
942,
917,
1121,
537,
654,
24,
312,
587,
49,
251,
334,
1389,
1422,
1222,
187,
1068,
1091,
576,
1478,
288,
1034,
832,
340,
524,
725,
792,
435,
1233,
1338,
397,
585,
801,
1387,
962,
452,
222,
626,
133,
47,
1154,
1420,
263,
408,
894,
95,
1143,
203,
1216,
157,
641,
1364,
1080,
1375,
36,
972,
1255,
491,
1327,
1200,
1063,
1050,
424,
865,
374,
737,
301,
1487,
444,
857,
929,
145,
1023,
614,
507,
982,
214,
366,
1261,
1445,
1085,
1187,
602,
556,
1440,
352,
479,
1127,
1181,
319,
83,
272,
182,
1273,
7,
243,
73,
26,
829,
207,
1465,
589,
20,
499,
1263,
481,
1008,
1382,
1087,
1183,
395,
422,
960,
299,
521,
1203,
705,
411,
583,
863,
450,
1485,
840,
621,
1030,
348,
129,
1414,
720,
314,
476,
976,
944,
51,
925,
359,
1447,
1129,
33,
327,
1189,
321,
1150,
89,
1333,
1268,
1178,
1367,
111,
455,
1019,
1427,
1161,
948,
1252,
632,
228,
115,
131,
927,
261,
505,
722,
1449,
191,
869,
45,
143,
406,
980,
649,
852,
679,
1371,
468,
1316,
910,
1499,
337,
275,
438,
985,
308,
1040,
294,
1494,
937,
732,
531,
153,
1416,
361,
1282,
1046,
316,
1131,
344,
149,
610,
661,
543,
563,
488,
57,
594,
1135,
43,
608,
647,
486,
1124,
559,
1481,
1490,
141,
659,
850,
55,
969,
689,
1115,
459,
777,
165,
1224,
834,
789,
1057,
1070,
526,
247,
1320,
426,
931,
169,
1348,
376,
1025,
799,
372,
220,
442,
1230,
744,
381,
195,
1385,
735,
624,
855,
1351,
1300,
1303,
548,
259,
1280,
189,
342,
80,
1195,
1093,
727,
503,
1044,
867,
147,
1324,
696,
739,
616,
890,
1394,
808,
1469,
179,
101,
900,
709,
210,
278,
1206,
1452,
1060,
1101,
747,
1166,
1152,
1021,
892,
212,
1335,
1163,
810,
1208,
1418,
612,
93,
364,
1284,
545,
1398,
1432,
514,
1344,
1239,
989,
432,
1098,
1075,
873,
330,
692,
635,
60,
699,
1297,
1104,
567,
91,
1429,
1396,
280,
1270,
950,
1471,
1454,
