-214
6784
-2446
-6050
-3192
2379
9157
-131
-1764
1409
-7817
-2436
444
-13144
-10341
2816
-3908
-2697
8303
-8197
-3023
15929
2692
-2078
-5046
-11943
-4819
5378
7478
386
4399
1478
-7576
-6450
-4570
4935
-1190
-5815
66
-3514
863
-3841
3693
7114
-13112
888
4043
-5382
4895
-4681
-3357
6108
-1950
2173
3747
-4151
-1836
-7502
-6175
8855
-786
-451
7178
-4879
-316
-826
-1981
1525
-7426
708
4171
1554
5400
4626
-889
-10589
-1951
-3286
-4727
11442
1799
-911
-753
-9560
-1569
3902
5919
-4629
-6048
4533
-4255
1649
6156
-6638
131
6246
-6225
-8455
-5628
-8280
9706
16211
4717
7306
-3763
-4802
4803
-4448
-4440
-6391
-4416
5232
-1049
1406
5711
-2360
-3963
-4541
-4659
-1889
-2743
1385
1149
-3409
4142
5590
3446
8171
10776
7097
-2122
-825
-8434
-14641
2236
1400
-2085
-964
-2130
3109
-4005
982
2127
-3791
7018
-3493
-11174
-4760
-3083
1936
530
4558
3216
-877
8090
5510
-3399
-6451
422
8994
5864
2528
338
1960
7040
-589
-13006
-5189
8861
3134
-7043
-9409
-9236
-3486
9255
7091
39
10283
496
-7731
706
-2799
7571
499
-11994
1096
-4431
-284
4895
-2676
2465
-4241
-1262
8156
5733
1872
-9702
2314
11147
-7732
-3428
2898
1037
7645
-1796
-242
12096
5403
371
-6732
-2068
6418
-6496
1568
11304
1980
-4984
-2181
11168
-5229
-9632
4795
-8165
6863
10658
-6626
5096
-1488
-7791
402
-344
-3603
-5549
340
-2552
-4475
-710
-1109
2548
-1387
-5511
-4420
-3903
-5626
146
8999
48
7165
8458
-9774
2048
5158
-1206
1349
-5393
1474
4039
-1637
-1243
-5993
733
6196
-1438
3809
5252
-8129
-1942
4994
-6214
-2677
927
-6370
-6209
-3502
5630
11039
201
-1918
6129
-698
-5909
-1618
-2269
915
-4089
-7726
-3623
-11153
-659
10715
2558
917
-3529
-781
3998
-4020
-3560
-1635
-6016
-2424
3782
775
3919
3675
-7433
-2211
439
1514
4989
-3247
4512
4824
-2947
2831
-6874
-7152
4952
2272
1395
3694
2166
2087
5422
198
-2380
2973
-6505
-5092
3817
-3854
-3849
-7052
-7355
4122
560
6081
11007
-1707
2307
1886
-3684
3435
2049
2616
851
-2848
583
216
9362
8884
-3485
-2774
-891
820
-1385
3850
10448
982
362
-451
-609
-1726
-9823
2512
2933
-6272
530
-319
1466
-777
-5448
6905
11121
-1739
-10217
-3385
-8
-3883
-868
-1381
-4935
183
5637
-2242
-8086
-4614
-2992
4351
2060
-7875
-5005
-396
-1847
-10703
-1718
8758
-5800
-1815
2934
-1962
6695
3229
1716
3311
-1137
4576
4310
3303
7845
6208
4386
3368
3217
3903
-1173
-4337
2783
-1223
-6499
789
-4363
1181
4227
-10384
-198
1901
1942
5739
-16168
-4398
7821
-9421
254
5233
-600
-2922
-6670
1855
3760
-2927
-9796
-5385
4395
-9234
-16609
-11579
-9445
150
-2907
-10024
-4043
-3003
-5489
-3531
-1402
3075
12581
8494
-6275
-1576
9542
6717
3670
8139
6643
212
4043
683
-4528
5045
2094
2920
8911
-3525
2368
4506
-10820
-654
3962
335
1660
-7292
-306
3309
-3494
3924
1484
5338
17093
7955
620
-2271
-1964
5724
228
-4557
-71
-1376
-2102
-2459
1974
7032
-3328
-2265
6271
-2571
-1585
1992
-5107
-1287
3254
3116
3077
-6687
-16456
-8764
2746
-3158
-7645
-817
-1033
-3774
-7376
-6514
8180
9487
141
1719
-5266
-9505
3433
6522
1142
572
5133
5707
-4272
-5712
-4025
-9151
-5525
876
514
1938
6965
2957
-2056
-1352
-5245
-1493
-1874
-6781
1124
-1915
-1927
3093
-3979
1620
3478
967
8904
1229
-5403
-2451
-6432
-1315
4773
1290
-1252
-6905
-6643
-3650
-6876
-2033
-2167
-7255
-2249
1457
3054
4763
6546
1860
-2524
2182
-812
602
527
-5798
2851
4793
1702
-2590
-10888
-4855
398
1200
-80
-3959
-4886
-2039
4295
-4823
-6797
2398
-683
7089
4141
-8911
-4350
-3150
1424
4501
-1762
-6858
-16440
-9564
7345
4154
-1447
-1691
-4179
-2518
1198
4580
-2406
-10065
959
1907
-3030
5715
7892
7035
4621
2399
2971
-1063
1191
3903
-490
360
12565
10639
-3310
-355
-7268
-8388
4152
-3387
627
5650
-3648
-2816
2388
3149
-29
2465
-4195
-3873
5777
-4619
-3696
-5145
224
14506
-3595
-2442
3970
-2824
-498
-4184
10140
10203
-1886
6715
-4109
-11748
2560
7291
-4272
-6686
2730
-2240
-1610
7021
3357
-2018
1633
2499
-4316
-103
-1103
-2216
3336
-3462
-682
-1043
878
11038
-2400
-7389
-1367
-2710
-1428
-1366
-1910
-876
7183
7105
-2026
-3774
-956
2552
-1681
2591
6587
-2248
4523
10530
-704
-9291
215
6335
-6642
-9516
-1118
10951
9707
-2834
2314
2498
5550
9772
-7531
-5446
7631
3243
-964
-5092
-4194
2783
-2426
-3445
748
-6482
-7235
-7708
-1450
5692
-4202
5021
4621
-6028
4524
1221
-185
1117
1185
6718
5604
8567
785
-459
-640
-1408
13216
-3680
-7278
5474
-3883
569
-2274
-5008
-161
6491
7203
-8114
3815
6531
741
3991
-12982
-2959
1230
-11343
-4550
-5012
3884
1412
-8996
1981
-2489
-5978
3530
-723
-3920
463
-3668
-8064
-7210
-740
8909
3723
-3730
-5720
-4105
-4879
-9534
2886
2326
1578
3818
-12300
6466
4662
-15013
1472
-7466
-2124
5802
-11232
2472
-868
-12218
1826
8923
6005
-9504
-12964
4753
7381
-5808
-3266
9360
3244
-5092
-789
1426
-714
-3373
-7855
-2845
6815
-983
-666
9074
1203
-2846
-843
-25
5599
5762
-133
-3120
-2659
-3928
-7284
-3762
5020
-4086
-6565
4985
-6257
2563
6462
-20586
-9959
183
-91
6005
-946
5970
2700
-5797
2745
3450
-3064
-2332
5750
-1113
2714
8294
-7216
-6002
-7203
-1809
3708
-3917
3037
-7589
-6663
5957
3432
5919
-8423
-7317
5223
5915
7095
-4646
-4035
-943
975
2069
-4699
6138
4007
-1069
-2947
-7674
6632
-1077
-8557
1161
-2665
-2657
1080
3709
-191
2368
10684
1393
-7049
-3673
4243
-1620
-3704
4916
-7440
-8537
208
-4802
-4679
1416
8231
2203
-6703
-7324
-2946
3941
-3118
-543
15169
15618
11486
5301
-5792
-7729
-1236
3779
2946
-5836
-1305
10269
4309
312
-5763
-2366
7525
2139
12221
7551
-1832
7545
2371
4725
-7646
-11146
7624
-4649
-3340
1448
-2049
4712
2434
5341
-47
-1639
-4969
-10379
6732
-1525
-9471
-3014
-1938
5099
-7736
-8534
-923
-4806
3259
5410
11274
9007
-3993
1376
3933
-2382
491
8198
356
1065
11804
6100
7826
44
-7980
2446
1400
-3162
-10984
-3060
6161
-3643
6557
4521
-5887
1887
2841
6400
4136
26
-703
-7518
-328
8038
-937
-9781
-4256
-911
-1431
1991
-10
1339
-4349
-1909
9542
-3494
-879
5053
-3507
-41
-5191
-1905
2431
781
7369
-7137
-16308
-4741
8337
6816
-9781
-9142
-8686
-2886
4328
-5931
5104
5108
-4701
4020
-1308
2372
5705
-6667
-6572
-5589
-5399
1147
4783
-1685
-3071
2678
4955
8602
-4912
-10340
2748
-236
544
-3962
-9744
5849
9437
-5234
-8910
5295
-191
-6290
6874
77
1732
-2448
-15433
227
6
-2392
1381
-7029
-5257
5725
13280
-2643
-3296
4147
-6816
5073
-1155
-2636
12733
-1299
2375
-3943
-11649
3193
-4003
-166
3780
-7032
-13474
-11436
1063
-3982
-6792
2444
5813
-2924
-8639
6906
-3410
-7189
14045
7596
1953
-649
1238
-781
-10956
5428
7114
-2870
-708
1629
3319
-2671
1891
-1311
-3475
745
-10623
3031
6406
-6621
4914
7439
4681
2495
210
-1400
-2883
2758
980
1941
-2061
-2788
5022
-1616
3664
2710
-829
7763
-6029
-5399
1355
-9555
-2296
3435
-480
-1112
-6870
-2824
2663
-7695
1477
13083
-1359
2191
2983
-4497
10069
6556
-4525
2294
11389
9817
-533
4460
4202
-5694
1010
5807
-480
-6014
-2931
2844
4448
-313
-9185
-4146
5352
-479
-7316
791
5982
-408
-2580
-1913
295
-3212
-223
8903
-5639
-8564
1002
2351
10073
2343
-3895
2161
-543
-1863
2618
4172
-2461
-1266
2706
5642
4660
-10434
-4340
6409
6824
11657
3859
-2619
693
10456
-2015
-13512
6326
-2713
-1973
6915
-8097
6827
8086
-7878
-5383
6337
9895
-4561
2518
2719
-6496
-372
4534
10525
-7948
-1611
13787
-7736
-268
1492
-2357
5535
3978
14421
1021
-5642
3802
-9868
-11028
-7571
-4030
5572
7045
1617
4406
11085
-4104
-5177
1259
-5461
2357
-3079
-7882
3507
-1937
-7185
5038
8701
-8091
-7294
7900
6028
4052
6834
761
-3038
8728
12099
7860
5038
-6392
-3479
-113
3593
12052
3829
6803
5184
-2596
2033
1807
2442
-3244
-148
2731
521
7593
-5747
-5014
190
-8775
184
-7595
-9844
6232
4289
-6214
-9294
-2442
-3817
1486
-1482
-11255
6865
-1452
-10613
281
-10653
-6190
404
-777
-1312
-3681
11933
958
-11119
5581
-7233
-10801
3892
-4411
-1430
8551
5427
1855
4466
4073
-8592
-4483
5656
6082
12339
1877
1723
11052
-407
7289
12690
-756
-6828
-4984
2137
4922
10271
668
-4663
10700
6395
8418
4482
-5075
2967
-4730
22
-797
-11224
954
186
1326
2162
1096
4682
-7273
-722
6146
-4223
-2824
-2666
-2487
4967
2190
-8966
-5402
-1942
-639
11635
8767
4915
4885
1865
5887
505
3826
13046
5982
-773
-3143
-6209
-589
8710
-2888
-2707
6563
-2460
7704
467
-12928
5332
4781
803
-2224
-5625
2760
-59
-5153
-6330
-658
-4050
-3845
12117
3590
-4509
-3336
1745
8346
239
5801
63
-8913
-1390
-9490
-9554
-7601
-2607
6962
-2716
-4274
-2081
-4870
-4610
-5724
-8364
-6939
2380
-1860
-2034
5381
305
2087
777
1997
3209
-2802
2912
-5677
-9901
1224
-46
2941
-4773
-8368
7407
-5102
-12853
2890
-4722
-7557
3200
32
-1910
-2338
2251
2146
-4722
4593
-1501
-5406
11080
6084
780
-3150
-8703
169
-780
-3831
-3235
-2816
2213
852
-3063
-417
4551
-3392
59
20827
12816
4058
9124
-3798
-7645
4825
5821
-2563
-3354
141
1289
3172
1166
3998
1712
-10416
-935
10446
7717
6489
-744
684
5741
-515
789
-2122
-5441
4382
5007
3173
5178
5789
9027
4251
-327
2860
1526
-5156
-6023
4198
5459
-2486
-5740
-7994
2716
10579
-2758
-3930
8264
5803
-4034
-5641
-2786
2259
7887
2834
628
3879
-7899
-7383
2846
-6118
838
8987
-7791
-9073
-3005
-2032
2181
1217
5012
5705
2881
7564
7928
-107
-11980
-4350
11277
5168
2097
5273
1641
-5165
-7786
-1370
-2003
2826
5606
-10444
-5433
2085
-7190
-2583
2020
7316
12416
3990
354
-3831
-6410
235
605
-2328
290
7925
4591
-2364
2457
2760
5021
3694
-2135
-2677
-14119
-8950
8394
9184
2137
-8030
328
844
-7734
5340
1308
-5810
-2403
-1474
811
-6107
1954
3294
-12018
-9074
-4213
2746
-2563
-12629
2125
5148
-4783
-4298
1903
7698
8357
2905
-3232
-947
-812
34
2238
-5211
-9325
-7251
-864
-4672
-10166
112
258
-789
1635
3019
6106
-5547
-6676
1228
-6968
-12934
-4222
-1570
-10174
4652
9063
-8744
-1065
-41
-5104
-1967
-1460
4267
-7543
-10982
-1053
-8110
-7241
-6329
-3907
5275
-3220
-6954
-1136
99
6206
2704
-4387
3907
4531
1084
3736
1806
8995
13591
4816
-3800
-8527
-2386
2639
2224
-39
1339
7993
-372
3733
10604
-4798
4611
10480
-6066
-6239
-4273
-902
2934
798
-1090
-5873
-2612
2304
4974
2681
-6075
6451
9042
-9709
-2199
4413
-450
3683
-1316
-2383
2641
381
1909
4087
1768
-3310
-2730
6412
13146
8353
-3065
-112
9314
6215
-6931
-11047
3871
7187
340
-546
589
3480
1142
6709
268
-6064
9248
-1560
-173
3045
-18121
-2866
5006
1697
5267
-193
7475
-3689
-6440
6296
1840
6581
-691
-3433
-2067
-9302
4511
3331
2554
10412
781
-3231
-9232
-6433
5508
13235
14910
-5029
-9433
-1318
-7135
1004
9691
3394
-1615
-1946
-1062
-782
-2181
-3540
-13
765
-571
3553
5688
937
-3691
3242
-966
-13051
5334
11475
-1025
11098
8745
-5600
-4557
-5910
-1839
-7996
-20195
-3205
13295
7793
-89
-246
2386
2353
2939
4432
6681
3918
2454
6052
1834
420
5005
7203
-2222
-8886
3173
-4339
-6881
4573
-11856
-8566
1251
-4909
7683
4340
-4563
3525
3132
-1028
-7840
-10957
-6195
-4972
612
6610
4043
4059
-4397
-6723
11539
-1759
-10235
8033
-6217
-9040
-1825
-4427
6649
3081
7362
7519
-1863
7151
-2018
-3771
-2698
-6877
12390
7298
55
5603
-2607
7066
10901
-1234
-871
-1702
-493
4270
-1991
1532
9424
-7726
-14206
2762
5809
-353
2909
4259
-2976
5243
6324
-8305
3469
3986
-8020
-1740
-3432
458
3520
1070
10411
6414
-5698
-4106
-1000
-6354
2347
11644
-644
4920
13991
7332
6086
2620
6284
6121
-3965
-2763
-1198
286
3910
3894
541
-1340
3910
1011
-3744
4872
3835
-3865
7335
12354
-894
-3938
5237
9987
-4518
-9275
5660
-1278
-4071
2147
-1554
3884
3320
6988
6235
-8936
-1966
5725
3217
-2564
-10321
-7361
-8839
-9082
-5063
-1824
5928
12374
14437
1769
-3066
7141
4386
-521
641
5520
-1691
-11968
1045
1890
-5188
3252
4028
-1238
-5377
-1412
1085
-11842
-8950
6435
1909
-3108
6620
5014
-3359
1284
-2022
-11245
-5945
1336
4834
7387
7167
305
-3276
7900
1042
-11667
-530
-4352
-5577
4801
-1782
5645
4293
-11561
-4593
-3157
-4513
-1781
-5048
-2395
629
3302
2758
4233
2804
-5929
2919
2719
-8885
2369
8170
-1312
909
13088
8401
-8658
-5289
2757
-6316
-6903
583
-3893
-475
6575
4841
5486
-2985
-4759
-3231
-7367
4672
-4566
-12930
8345
4360
-2937
3744
-868
63
4606
81
1532
7189
7767
11398
-432
-6635
5362
-8375
-7160
5207
-5293
-7451
-10487
4517
13265
-6850
-3355
2461
4383
5550
-379
5614
8877
2667
-9989
-2637
4451
-8492
2005
1690
-2946
8648
4867
3996
-2527
-8343
-2420
3527
6237
1683
10014
5352
-1940
6953
1271
1281
-7628
-5789
12808
108
2648
5918
-7128
264
1872
63
-3722
-9879
-2477
818
-2693
-713
2598
-3334
-5455
283
851
425
-446
702
2219
2133
3609
9782
9927
-5714
-3250
3544
-2371
3569
1209
2891
7538
-4036
-4612
-3361
-3722
2685
6876
-226
-10349
-1481
4633
4401
5595
2465
6842
5211
437
-2131
-7759
-4481
2928
4465
-891
-281
-5398
-12910
-6364
-8818
-352
8758
126
100
-4348
-443
3016
-2870
318
-522
7794
1321
-10484
-755
-919
12298
8407
-18870
-6167
8174
-508
-7725
665
13137
12500
7937
-2398
202
5329
-1695
-534
-3337
-423
-3761
-9821
4685
-4318
-5205
12729
-2711
-9854
2187
-145
-6494
2207
8068
-7425
-7286
5349
3466
-5533
-8598
8334
8111
-6506
-1929
-2040
5581
8200
-2217
5318
607
-6529
2238
5515
2957
1813
12128
8096
2418
7455
-6451
-4657
772
-1556
2070
-6444
5492
5544
-7293
6737
1154
-1574
1639
-1588
5211
-3748
-1900
2170
-1916
2307
-2454
4754
2218
-3357
6018
-3559
200
1368
-7941
2638
3971
6568
4916
-5027
824
3783
-74
-4461
2147
4949
-6845
-44
1269
-7537
-3010
-2820
9208
21304
6198
-2338
-2569
-8628
-2139
4298
-714
1529
4634
1950
2560
5116
5472
-896
-1848
3849
-2380
-7048
-2839
3339
9541
-685
-8389
2936
2970
-3467
437
5274
6495
127
-4126
-2172
-1190
7566
12643
4096
-2116
-8518
-10816
2484
4897
-7065
-3163
3685
2735
3368
-3103
-7414
-4143
4171
13430
3755
-6789
-1574
1420
-2557
-2026
4817
-15
-5157
-528
3074
3113
-6880
828
6985
-6833
3387
1820
355
12812
-5797
-427
7606
-7069
1713
1910
2281
-812
-10098
5082
5210
2402
4873
-1417
3551
-3582
-8503
1022
3284
2914
-4190
-7320
-5091
-1940
254
-2915
4593
1875
-1644
12837
5863
137
7777
-2928
-8629
-3258
-5741
-8463
-3364
-771
-5510
-4106
61
1254
3955
1029
-2730
-2593
-5253
-3126
-63
-3863
-2940
849
2068
2879
4345
5702
166
1384
10421
5362
-7080
-10169
117
1143
-3486
6654
-633
-7623
2038
-5203
-4646
2788
-3593
-11246
-10957
1730
-474
-5740
5402
2225
-6085
-2994
8385
9812
-4602
-1432
6636
-2302
-9450
-2409
8215
7741
1405
-8821
-6926
4209
-1090
-15
3028
-2814
-825
-1438
-1047
-2994
-3068
7866
3696
-4994
-52
6629
4429
914
5099
-2003
-3423
7821
1110
-4563
-1929
-625
-1036
-6085
-1388
482
939
7779
2823
3163
-536
-11336
-1465
5324
5178
-880
-13818
-2069
9143
4762
7390
4613
1464
4678
3397
2546
3262
1125
-2645
-3082
-2002
-1525
-1263
-4488
-2921
2102
2312
1381
-2662
-1089
3659
-2480
680
6361
-4819
-7215
-5468
-4372
6952
1730
-2510
7508
3755
-605
-5076
-1834
9369
-1497
-5313
1656
2851
4997
-2000
793
855
-4330
8716
5052
-786
3411
-2414
-234
-320
-22
923
-4237
690
-255
4679
10744
2460
8426
5188
-2037
724
-8054
-2122
-655
-4283
6418
-5863
-6984
3949
-3466
2527
1864
-5860
-4885
-3385
1821
-7802
-3253
6554
-11226
-3456
12771
8090
2437
-3858
5251
8416
-3166
-2105
2947
5467
5699
5085
-1288
-3577
5420
317
591
11452
5052
-1980
1349
2807
-3534
-896
6785
1737
1230
-517
-5441
-2234
-1335
-21
-234
-4630
-6639
2039
7396
-2441
4849
11087
-935
2233
8054
7101
5675
540
-5549
-4442
6003
4783
1841
2603
876
7964
3420
2750
11185
4310
2549
-6319
-14361
-1697
-1222
-5576
2010
6817
1592
-3915
-3936
-1951
1502
-4540
-5652
5103
1281
-8989
-9756
-205
9745
7136
-2237
-1373
4920
-8744
-7733
8559
-6402
-7286
5510
-670
-535
-826
-148
-191
-1760
4814
-15
-475
2295
-7887
-5240
-76
-5665
-1623
7884
6939
5058
9660
9352
2650
-2718
-970
3813
2589
-2261
-1783
3156
6268
10755
4547
-7606
-2817
2264
-98
-4404
-4907
-5076
-13302
-1921
8823
1894
3172
482
1133
-334
-3712
3978
-3565
-2571
7952
4845
7117
8277
3186
-8817
-8108
6274
-675
-5048
-1596
-2501
3137
369
-386
6977
1626
-5054
416
3855
2624
5025
3690
6929
13980
4199
-5328
-2408
-155
6935
10335
-76
3799
5909
-15837
-14237
4003
2873
1597
5318
-3927
-12388
4787
11425
227
2488
-3925
-7113
1639
4250
-808
-13116
-2570
7840
-624
-3548
-9164
-4190
-784
-3889
-2761
-9927
-1858
7618
6610
9441
3473
-7342
-5787
11168
6502
-4783
2008
595
5802
-535
-4044
8788
-3845
-1761
2629
-8413
-3862
866
8682
-1373
-15930
-8862
-6266
-5418
-6404
-307
-4389
-13426
2830
-2576
-6741
8650
6349
6699
1559
862
8291
-6228
-11926
-3748
3401
7927
1277
5537
8158
-6405
-5434
-1628
-6991
-200
8341
2684
-6638
1648
3653
-9457
-4317
-169
1018
4977
-1072
-7501
-12253
1695
6362
1885
8930
-4039
7497
6240
-22756
-2052
3756
-4282
-5035
-11467
2129
-9367
-16405
-3098
-1503
-2663
-9070
3486
1605
-2320
6396
-13467
-8016
-2907
-10101
4858
5901
1238
-9227
1104
15514
2630
8483
-138
-8075
4400
-339
-1563
-5175
-4179
-3972
-6323
6294
-2107
-6877
5718
6217
6020
11096
16987
8703
2820
6469
-655
1179
8807
11004
9295
-609
-4559
-4692
-1898
3783
-1897
1451
10453
1084
-576
-3998
-14621
-6846
-9433
-3665
12143
-904
483
6510
-902
4572
-341
-10446
-3955
8287
-796
-12596
379
1613
1694
6367
1014
2730
-3573
-108
5627
-6221
-154
6154
4579
1466
-3578
3859
-1640
-6255
-281
-4768
-513
-5237
-6614
13633
4715
-403
11772
-3989
-4671
554
-8572
7307
9448
-3087
3732
3316
2766
4550
-260
1316
-913
-5914
-4559
-2281
1819
2487
-2097
-454
3072
966
608
3582
3807
-1128
-1892
1670
3455
6558
381
-6388
-3819
-2329
1972
129
256
6821
3694
8003
9746
-1195
-6464
-4972
5690
6573
-3902
-137
1490
-1646
5457
1596
-7917
-2887
2418
5877
3387
1085
2905
-10199
-6015
969
-13887
-6074
1454
-42
6264
8329
11263
826
-6941
-1584
4719
7648
-2913
4226
10010
-2848
3327
3603
-10906
-9073
7532
8097
-1694
-2878
-11588
-6664
1739
-1800
4661
1967
592
1443
-3437
2093
4430
43
-10389
-4900
8323
-2777
-5682
1823
782
-3527
-3727
-3561
-3102
12090
9344
969
7443
-5952
-5912
2421
-7586
2023
13919
3368
-1392
904
-3109
5476
6876
-6981
2019
9680
3046
-8162
-16888
-3948
6097
6167
768
-819
7349
-1183
-10595
-7343
8233
11926
-9593
-3197
4481
-9125
-1045
7707
-661
-2823
3697
-2551
-8527
-773
4670
4939
-1529
2987
8940
4666
2043
-9828
-4070
5654
-2582
-4718
-8905
-5225
-2714
-1611
-599
-9296
471
648
6522
18307
-2507
466
6084
881
6078
-3713
-2154
-485
-3680
-2975
-82
10609
-5150
-7375
2615
-7842
-424
-11208
-18057
890
-8517
-4266
8793
-4357
-5223
-280
-2686
1581
4951
571
-4103
1375
8768
5870
5583
4854
734
833
-2368
6223
8960
-2314
3629
-1020
-7520
-6112
-13010
-2664
2402
1144
3272
3751
11003
-4161
-4213
7320
-7109
-261
-56
-5473
7332
3745
1638
-2540
-756
10071
-3865
-8650
2117
-3537
-11262
-1356
3566
-7387
-3559
1841
-1567
775
-3125
-8043
-4910
2954
4770
-320
2079
8078
8345
-192
-1968
2447
-1033
-1372
-4968
-10076
-9068
316
16716
9291
222
9439
2804
-3466
4039
2811
-3551
-5120
-1297
6881
2742
-5103
3059
-214
-5444
-569
-1275
9740
661
-15145
9083
14552
-2230
1540
4485
-5074
-4907
3131
-2471
-181
6749
74
4521
10169
3953
1884
5614
1550
-610
9213
5716
1598
3922
-373
-621
-4716
-1459
301
-9719
-2839
5600
3396
-796
1033
4399
1997
9139
3141
-9368
4828
14399
802
-10586
-9648
-7895
-2772
-10705
-17373
1703
-5715
-10917
1119
-6761
5721
4488
-12058
-3492
-2339
-4505
-6142
3709
3863
-7172
13493
9323
-1470
4612
-9448
2573
6229
-11049
-1366
-2246
-8243
-2648
1643
5113
4720
7410
3545
-550
267
-4644
4555
5378
-2393
9273
289
-7122
517
-6754
5160
5899
-2161
7743
-3801
547
4905
644
13014
-5152
-877
8321
-12581
5129
8835
-922
4560
-3270
824
-4044
-5960
9617
8973
6742
1123
-203
3727
-7987
-9118
930
700
6038
13815
3999
-1322
3291
1634
4305
5459
-2941
-10530
-1886
6673
-1288
2057
5244
9826
13041
-3525
8945
13434
-12428
-4996
9284
8616
-193
-5110
3130
52
-2009
874
3922
908
-13676
-11194
-4571
-604
4818
1244
4554
2417
-6421
-9071
-6180
-2552
-10931
-1552
11355
3496
8006
3632
-4246
2795
1577
1904
-4207
-1977
7999
-7515
-5915
1727
-6202
967
-3998
-5648
2121
-12378
-8252
4231
-2396
2353
4486
-3722
-649
839
1537
6462
-6054
-8881
5251
-5946
-9524
6457
6865
5113
3598
-207
-3641
-2743
3018
-3367
-4693
-5338
-11852
-953
3484
2033
4781
-3329
-449
9894
5815
-660
194
1233
-3274
-5469
-5193
-8309
-5788
-154
-3934
-4038
-2788
-13499
-10607
3211
8207
7513
1361
3477
1023
-3446
10681
8763
-1108
2731
4322
5279
3335
5897
6771
-3507
-10626
-7146
4408
-1248
-4439
708
-10380
6006
13810
-7106
-2487
-13103
-19569
40
-85
2765
-1635
-12330
3571
10099
-197
3033
10410
7363
5236
170
683
9060
-4288
-6519
2193
-51
12711
4980
-9041
-1027
-304
4718
1786
1824
12223
3408
87
2043
-1474
-7117
-7392
2485
1252
5246
5647
248
7901
-2701
-9586
-6343
-7287
2755
-1285
-4306
507
-3827
5593
14661
5139
-6663
-4672
-714
-3381
700
-217
-4998
-7821
-8052
1711
4660
3324
-1615
-6307
2203
-14
-972
3320
-3976
1880
214
-11702
-2007
-6655
-18240
3130
18538
7141
625
-1232
-6144
1160
1942
-5930
387
-6634
-10071
2202
-5134
-337
8213
149
-5362
-9779
6635
6100
-4585
12767
5300
782
-779
-13920
2867
5809
3292
1993
-1576
17838
3932
-5016
12671
273
-1740
7777
7504
3519
-4889
-5062
-3843
-2266
-3293
-4002
-6708
-9591
4892
993
-1113
17415
1027
-9374
6746
5880
1878
-12
-1785
-3545
-3148
6605
413
-10665
-5169
-5159
-3559
4268
3878
-876
-8631
-5769
7910
7094
-5116
-7600
-2998
-6030
-2080
6858
2443
872
997
1446
2791
-1388
3531
6112
6137
3846
-3037
9501
6987
-7706
3164
3420
-4861
234
3383
3346
2968
-788
-3906
-2681
-3230
749
2805
-2269
2971
-1608
-6885
6619
1806
-6846
2017
1121
-3303
580
2773
6899
7703
-2275
-2980
1193
-3127
-5509
-7923
-4336
1265
-2434
-1968
3207
8781
2783
-7316
856
-2855
-7017
6559
-4216
-6479
9438
2799
3386
-4742
-14643
6736
-2080
-14174
3863
733
-5454
-3486
532
2150
-5029
-1400
526
1724
-1476
-5901
4227
11
4306
7387
-8466
-1157
-73
145
5090
-8114
-2678
8395
8269
261
-1773
9608
-1606
-1011
16095
10663
2656
-3436
1445
3610
-2648
3943
2089
3804
5848
-2635
2563
3091
2312
5738
-181
-5661
-9127
883
10539
8245
6656
-6742
-3967
12352
717
-3189
2814
-2846
4117
5019
-4062
2170
4106
1098
3221
-940
-1448
850
-1862
-889
-494
814
8211
10068
-126
-3291
5291
-1907
-6437
3150
827
3898
4986
-2336
467
-3015
-4564
-5165
-3667
9457
39
-13153
-6300
-2961
-5881
-4890
3295
2114
-1156
2004
-238
-2103
-4696
2394
4557
-4571
-311
-3209
-663
3468
-9098
-2912
44
-5827
664
272
-3703
-8755
-11234
-1713
5154
-3173
-1220
10996
-3258
-7330
6263
2361
6270
9619
-858
-8099
-91
15380
5038
-3281
6029
-2021
-6931
-853
-5425
-2148
6228
-2208
-2240
4442
-599
-2311
-5342
355
3277
-6419
4101
1408
-11743
-2949
580
5091
5853
128
5247
644
-7496
4687
12613
-3319
-7207
-4394
-10269
9735
21080
6221
3112
483
-2759
3123
6735
-879
-2553
5401
-1278
-1343
7060
5718
10241
11156
776
-5528
319
1109
-3837
125
-2237
4115
5997
-13406
-11246
-3625
1579
4972
-5175
3579
2517
-5854
6313
3169
3985
4312
-9062
-5813
547
6792
-3540
-19793
-839
7100
-2265
3501
8755
9154
928
-1860
3026
-1273
1968
5378
-757
-1542
-1359
-2014
7052
13733
4695
7368
9794
-8515
-4689
4418
-2369
4948
9971
6594
6716
4278
129
3254
8641
-3854
-7129
2251
-3044
3481
2654
-9421
1802
2908
636
6341
597
2435
-459
-5511
1535
223
-514
2903
6839
3543
-6935
3906
9530
-2508
-787
6475
11232
7826
4150
5319
-5644
-5283
4687
-1507
-2758
128
-9514
-9494
2558
753
-1480
4882
4086
2966
2722
2750
3565
1648
846
-177
3373
3623
2182
6380
358
-2251
-1600
-2432
8923
2743
-12831
-515
12232
8285
10426
6451
-6289
4971
13430
-29
-494
3269
-6055
-9611
-1841
-4661
-11456
-7342
-4847
-631
-2061
-2480
4824
-1360
-301
2945
-2356
-1647
-4090
579
914
-5302
-1501
1257
6669
2423
-4244
252
-357
1316
1258
1356
2909
-4321
-3254
3628
-613
-7739
-493
2591
-774
11940
7205
-2093
7860
-256
-4821
4717
3904
2592
-990
-2526
4004
1882
-5457
-2735
-2135
-10228
-5021
5988
2398
2827
8221
2422
-555
-2919
-1594
13241
8326
-4887
-5281
-8843
4622
14462
739
165
1577
2763
12116
1811
-10247
-6137
-3051
2095
3566
1174
3340
-578
1957
5582
-3718
-3620
2151
5164
2850
65
8368
1188
-13523
-7280
1602
-7306
-15713
-358
4157
-7326
-4293
-1083
-1626
-367
2372
-1823
-5777
190
-4304
2320
8531
-1418
8709
5265
-8200
-974
429
4357
3757
-9928
-6245
4838
607
-1546
2128
1199
5589
2704
-1197
5191
-97
1295
4720
-4108
1811
7844
1506
5
155
-4413
1343
8194
-6046
-2742
13430
-2827
-8976
8198
7337
5267
10449
5025
3227
7958
6254
-1778
-3673
2282
-1421
-3209
-2619
-888
9918
28
-782
11815
-2284
-8350
-7072
-2666
2871
-3073
5081
1857
-7036
-2277
-2598
4716
7498
1475
-2556
4684
6977
-8827
7254
12003
-12690
236
6195
-7017
-3278
-456
-399
1468
592
3336
11419
2521
-7743
-2468
-7180
477
11320
-3815
-5205
3183
877
4104
-498
-9112
-3513
-1957
2342
4346
-8079
-4340
-4523
-8410
634
-6588
-3805
7355
7094
2986
-9880
-6067
-6515
-15219
-1926
1232
-1662
3567
3979
-1742
-7681
-230
10681
10013
2365
5340
3022
-10989
-3784
-1787
-4036
3238
-5326
-796
1015
-14858
-6307
5101
221
-1176
2940
-1381
-8606
-623
4335
-4155
-4766
4309
2718
-3800
901
-1575
-6216
5917
12053
3754
-3141
-2756
5305
7421
-4627
-4870
7155
1350
-1230
8385
-2228
-7627
3970
2504
4902
3536
-9992
-5625
-4658
-8209
-864
-4406
-10244
-9140
-1653
7615
9491
6590
-3015
-7376
-7663
-3028
5740
-2304
-6314
-3419
-3026
-1839
-6310
-1605
-145
1288
5521
-5404
-3739
-741
456
10252
4522
2133
5616
6429
-471
-15326
-4633
7160
1908
2785
1889
1574
522
-819
1666
-1958
4490
6581
-4927
5148
6657
-2962
4564
-1195
-905
2294
-2805
9745
3304
-1220
1921
-10484
5208
8649
-6816
-5440
-1507
11849
3113
-5916
9808
5545
-1428
-6910
-5469
9446
-755
-13059
-7561
-2490
279
-4713
-777
8595
-640
-2629
-3432
-12409
-5068
-3261
1337
1273
-11542
6175
7438
-3897
2943
-5243
-4040
-7064
-5448
6117
-5488
-2052
1405
-474
-2215
-9109
1522
-3939
1793
9794
-7838
109
-3589
-8105
5983
1628
1419
1684
2273
2348
2594
4469
-6071
2924
6903
-3500
6735
11517
8225
2875
5254
10034
-1033
2126
2308
-4373
4956
1229
-1813
-3372
-7961
9348
4426
-3831
8500
-11652
-9589
12452
1840
2873
-2751
-4075
9074
-4624
-2293
8536
3214
930
-535
-255
-6496
1798
11520
-404
-1634
-943
2463
8536
1923
-1038
-3432
-6438
-4060
1321
4937
7782
6942
-1921
-1184
-400
4989
13330
-556
2037
9724
-4491
-1774
6493
-958
-6977
-4135
-3417
-433
3775
-1437
6998
13961
4803
2237
-991
2278
3624
-4548
154
1483
2854
8200
2950
7507
5363
-6453
293
-3247
-6746
5461
-3804
-13293
-4860
-970
-5222
-7941
-4805
-3396
5464
4237
-4122
8888
4619
-3953
-4187
-13563
-2021
-262
-9978
-4059
1296
8149
-3510
-12781
1812
1437
-6867
-4088
152
2010
3850
-3788
-6842
3525
-279
643
6445
-3324
-3947
5549
5559
-4196
1476
6269
-3616
-65
-1992
701
6841
-1891
2344
-2173
-3487
9264
1220
-2388
1136
351
2297
-1897
-4205
-1552
-2167
3383
11840
6923
9371
12489
811
1253
-4209
-10262
-930
-1869
-1851
-1487
-1247
5613
7123
4280
3331
9389
1920
-6345
1328
3191
7861
2305
1229
12291
-4342
-7547
4238
-2018
-1838
2240
7438
2864
-5091
6416
-891
-11729
3926
891
-6483
-1545
-4054
1649
-201
-508
947
-17019
-886
11438
-8112
937
6096
6232
6097
-13572
-7149
5447
-7242
-9416
1506
-4962
-7654
5283
-788
-4803
-6900
-7395
10489
2120
-3042
3572
-9158
-2968
1375
-1476
3362
-2035
109
-6
-3340
-2013
-11706
-10759
-5363
-15233
-8746
5825
-2732
-6121
179
-2640
-4755
-3511
6134
2155
-12747
-5993
-6577
-3061
10334
-1317
-4975
-284
-882
8085
2293
-10466
-4528
1652
-1622
-1634
-212
4085
12102
7085
2856
4720
3613
7009
-2883
-6116
6405
-3571
-9596
-909
4886
7071
-1612
2663
3871
-8997
-3134
-3423
-8736
-5053
-5155
2363
1514
-5188
-1683
-67
2445
-1765
-6090
615
4226
5457
2558
-1680
-2354
-5044
-740
4342
1505
3753
1001
-5692
3863
4755
-4582
-332
1783
6529
13304
6309
-2168
-6179
-5832
-6583
-1049
6073
-2659
-739
6401
3639
2034
-4951
715
12448
7273
1836
-47
3988
10134
1678
-4933
1724
3755
892
-2678
-4922
-3222
-7064
-348
6957
-3031
-4399
-6377
-3260
3008
-5771
-400
966
1411
15136
4400
-5326
3893
1921
-9623
-2730
11513
6190
4102
1102
-6394
-6915
-12128
-7076
-1966
-4580
351
3214
3614
6557
2009
-10687
3339
12567
-6819
7389
10284
-9924
754
825
-3388
4584
2692
2120
5370
628
-4454
386
-3249
-4530
-5610
-16703
-7810
1471
2252
-2553
-1414
13007
-54
-1935
3247
-11219
-1030
7013
3497
-3921
-3907
4551
-6987
-3233
-5723
-13337
5574
1851
-5118
-217
-5882
-11252
-4756
3004
1918
12456
5727
-3888
6580
-3943
-2641
2926
-2090
-2503
-11809
-4683
-2371
-1799
5426
-5231
3943
14694
10310
7182
4801
11215
7032
3618
6299
7311
10164
3144
-162
-4194
-4161
831
-3142
4272
4493
-6058
-2988
2706
226
731
11835
7821
-296
1600
-563
3201
-928
-8154
-3344
1434
6247
9911
7564
-380
3713
-1136
-10294
11450
8368
-3591
6287
245
4079
4855
-2422
2050
-3957
-1391
6628
66
-1637
1670
-7926
-4598
12125
-2405
-3904
9663
-1805
2225
3851
-5581
-548
5185
3375
-5902
755
4548
1517
12017
1304
-2989
12012
9887
1538
-5443
-6043
-3799
-3814
-5
7468
6110
-3865
2074
-472
-5856
9440
9257
6019
2196
-5029
5119
4303
-2258
1578
2653
-22
-172
-3820
-15127
-5538
5444
959
5278
-2
-2368
9495
10563
-3786
-9581
9510
4989
-5570
8175
130
-5465
-2914
-4331
6717
5003
-594
-139
5024
11593
5967
6927
3915
436
3521
-6081
-5628
-1104
2202
5386
-4894
-1531
-906
-10898
-2294
3519
-2949
-4305
1602
-2269
-4401
7190
4960
4401
6074
-1028
2979
-3738
-10508
-360
-495
-7655
-7295
-3949
-10438
-6718
4680
1270
3840
-2912
-6576
7043
-54
-3401
-2430
-7292
1535
2685
-4548
-7421
1381
7434
1380
7301
8016
731
-4161
-8730
-2357
899
3327
1251
-4214
4533
1830
-780
6446
-1406
-2332
3959
1083
4368
4329
-2646
1418
3176
3773
5576
-4873
-4271
-1199
-5689
-1576
-5155
-4332
6471
7565
1055
968
7370
375
5706
11248
-6442
762
6138
-8340
-7337
794
723
-8941
-790
2851
-14454
-9828
-42
1548
1013
-940
-966
-344
9928
6524
1360
7165
2123
79
-6763
446
15819
-593
-7733
-687
3628
7551
7054
13806
5468
-650
12273
2481
-2761
6900
-674
463
2707
-6098
439
1587
2206
9958
-2752
-3562
5193
-4055
-5572
-4501
-7878
-4785
-1178
2191
7703
4189
-1797
4728
556
-1353
7444
-1235
-3230
-3142
-8553
-1472
6521
11848
3352
-2764
1725
1027
3872
1296
-630
-3979
-2958
5813
-800
5888
7182
-2895
3965
-1968
-2592
-515
-3496
190
-4006
5046
2178
-8873
198
-254
5077
6881
-3621
-2134
2658
3660
-985
2917
1990
-3720
2960
-4231
-2575
948
-7422
7807
6081
-4082
11221
10356
3930
8308
8072
3377
-3111
-4084
1033
10558
9123
-1302
2093
2016
1445
5256
5630
15859
7477
-2731
4507
505
11260
4741
-13070
6321
2773
-3954
4087
-4622
-2299
-4172
-3207
-48
-8624
-1775
-4605
-4928
7206
1912
3949
6256
500
1745
-4664
-3327
9794
5750
-477
-6112
-14923
318
3689
-2814
7850
-5665
1869
22125
-686
-4174
-665
-6823
-1438
-5290
6314
9956
-5828
5640
10146
-90
3235
-3763
-833
14990
-2271
-8326
386
-4140
17134
12708
-6350
9561
2847
1987
4790
-7354
8293
10267
579
2980
8808
15126
1683
-313
2973
-8484
-801
11148
2694
-9802
-836
2715
-4390
7499
-531
-11822
-3071
-5448
-1506
665
-3678
-4422
-7839
-2916
-2156
-464
6771
4082
1934
857
1339
4489
5329
879
-2287
3085
-1714
-6411
-3117
-2152
3326
-3374
-7830
1164
-2747
-5570
-2232
-3635
-3255
1326
842
-2163
6433
7013
-2280
-4193
-3152
5278
11785
7398
-1348
-869
5764
-1747
-728
9901
8856
3606
-1790
-1654
-6276
-2914
10722
3020
-1121
8254
9983
-2260
-11357
-3556
-5761
-1903
-1030
-11974
4965
2815
-8303
3141
-3134
695
3697
-6667
1023
1708
3246
5923
-6235
-1948
7065
-1152
-5686
705
3588
-4071
-8582
-4760
-4579
-3866
-1572
-3466
-771
6781
9814
3688
1802
5912
-3270
-11487
-10624
-6349
-1449
-4753
1734
5094
-736
7961
338
-15833
-3471
7504
878
6233
7876
-9824
-2576
3950
-7129
2702
519
-5588
1430
-776
-2070
-7403
-3558
551
-5806
400
-883
2800
6938
-10765
-5891
7588
-3319
-7191
-359
-4079
-7796
-2075
5693
4728
-7790
-10736
-4654
2125
4466
-265
8141
541
-10179
6886
2120
-1618
4633
-9442
-8509
5598
6829
-6861
-9641
3184
4327
1796
3757
8773
3773
2301
8755
-1903
4385
5185
-9100
1550
2434
3180
3079
-6534
2044
195
-4188
1425
-4165
-13005
-7492
4906
1603
2717
7898
6685
4181
-5260
185
3084
452
4047
-2478
730
-1927
-3171
4828
-4214
-62
4386
-3318
-3590
1418
5403
-4732
-7477
-5342
1493
11004
-5966
-6411
4521
1636
4848
-624
-4175
-3163
-1263
3392
5106
7942
-2838
-2510
9670
4288
-3024
-9220
-2210
9734
6151
2917
3536
44
-4800
2656
2072
-4425
4257
473
-6580
-7097
1025
9550
-3759
-5175
-6837
-8625
1893
-7807
-4271
2222
-9530
-11312
-6129
3081
3075
9010
9025
-6918
5824
10940
1726
3731
1039
2947
2008
2918
-268
-8574
-4478
-8989
-5008
994
-4501
1689
-670
1842
9990
4734
9618
7237
-2131
1798
4360
5904
337
-6864
-38
-646
-5520
-71
1462
4607
7966
4857
3832
-198
-1496
-2699
-788
12354
7149
-3083
-889
-3060
1766
5885
3316
1794
-4814
-8615
-9759
-8761
-622
3952
-4411
-9730
801
2182
-4397
-2758
-198
4384
-646
-1457
12960
8255
1721
7779
4249
-1159
-6198
431
15136
4704
-8776
-4953
-5116
-8684
-5526
756
3712
6454
7226
5745
7838
890
-4666
926
1154
4002
5817
2168
160
-3963
1802
6380
-1134
-2006
4294
6800
-4193
-11709
-1694
4877
4710
341
-5496
-2465
-547
-4207
-4114
-1026
-2674
-7931
-4410
-684
-4258
5217
5180
-9006
4624
9777
-1229
1849
-3718
2175
8528
288
5360
-3772
-10564
-4791
-10186
-144
7776
-3203
-6291
1969
477
-6087
3022
2665
-235
5187
566
755
-3754
-979
9238
-2570
-1079
1824
-11426
1721
15676
2193
-166
7090
2372
2473
761
-1091
-180
-4223
1914
-2205
6180
14375
-17039
-9272
803
-9852
9828
-213
-1203
7395
-15611
-8132
403
-4359
-5737
-3257
9052
566
-1911
-2480
-7949
-111
-13548
-7254
11163
-5473
-6885
1611
-489
6469
10607
3063
-1121
-1909
-5452
-2443
587
6735
7455
-1802
6410
4068
-7002
-4141
-3891
3256
-952
-4030
7172
4128
5789
-1630
-9009
1293
-6980
-8615
294
-903
2496
6446
1764
-12203
-11704
-4494
-4538
6618
1989
-7411
1585
555
6113
11150
-9047
-12662
1263
927
-255
-1165
-2385
2056
4096
5440
-4130
-2779
10850
-1576
-2558
-525
-10679
1499
4948
7606
8787
-2090
1876
-3228
-433
6580
-1503
-358
-4723
-41
3473
-4731
-5127
-12582
-2289
7947
442
592
4006
11575
-5310
-5370
20746
-146
-5069
8663
-3867
515
1526
-978
3740
-7149
-5430
4777
-3264
-5965
-3781
-11583
-6234
-1635
-7178
2427
3878
-2811
-2153
-2317
5700
2707
-10204
-3744
5840
5297
6565
6548
2725
7392
5392
-6081
-119
6310
-935
-696
6022
2775
724
6262
1117
-1157
3633
3370
3432
-7978
-12979
-105
-3685
-10930
2294
5181
-4981
3181
2141
-6325
2658
-5821
-4916
7629
-7604
-4952
8174
2921
2005
1890
-2416
-6497
-858
5642
-1525
-4864
1952
3366
-389
4260
-895
-7844
5692
7813
1682
-6954
-7066
9784
-6712
-14701
1120
-4476
2576
-1614
-9410
3287
-7627
-5658
1463
-11695
-7502
-3289
-1534
-1444
-5278
-2123
-5321
3747
5761
-8204
4162
10039
-1213
-784
6764
7378
-8596
-10376
-1079
62
4719
-346
1769
8145
4236
6937
467
4590
10314
-3901
-2512
-2866
4746
11035
-13177
-9399
1095
-4921
1716
1245
2750
-1171
-6404
7694
7239
607
-3330
-11829
-779
10757
642
-4913
3971
7588
2254
-3588
-4694
-5369
-4986
6341
2044
-5784
7593
2820
-2722
3739
1573
-232
-8684
-3970
1806
1351
14613
3052
1348
13935
-273
80
-2265
-5612
852
-7595
4788
9359
-4624
-2339
-10495
-8412
3287
-3661
1290
12303
10108
5437
1342
-2163
-6682
-9970
-9097
-3781
3783
1744
-63
3501
-6031
-5796
6241
1458
-538
2486
569
720
2322
-49
-14446
-10390
4647
-2344
107
3386
-1397
5912
4336
-5345
-4996
2277
-4362
-10351
6450
3284
-10521
1607
5786
-2493
4403
6429
-1517
10375
9381
-7253
12
-3643
-7091
5630
2755
4394
2125
-8276
-3318
-294
-865
4023
12369
10590
-1456
664
610
-6256
3192
6220
2946
8828
1661
-2522
-2298
-10281
-1763
-1194
-1684
5965
-2868
4401
-5714
-17296
8973
-1527
-3696
16302
5917
6789
4057
-336
647
-4466
5320
-1022
-8009
1715
2499
3592
2146
-1519
-5057
2409
6831
-2015
5197
-5794
-15660
700
-2574
2156
8987
6381
7025
-9629
-8255
1270
561
6992
-1052
1944
8936
-5603
-4832
5145
6707
3108
2943
3203
-5941
319
6416
-2180
-3667
-8621
-5377
4425
-1957
-5464
3826
10655
2506
157
2514
-6286
4115
10214
-1229
-1119
-7855
-5022
5453
-4075
-5472
-722
-7993
-11140
-1160
1347
-2712
3107
-647
-7490
-5025
2109
6616
-6592
-8237
269
-154
2775
-613
219
-2428
-7930
-623
-4757
-1153
8888
8092
7553
-528
2241
8664
8809
10002
-2478
-5008
4300
4824
275
334
7118
4500
8690
7763
-9566
-1827
5252
-1482
629
-4771
-9164
-986
6073
-144
-6634
1032
5609
330
-4543
2165
8535
1234
182
3656
1761
-4434
-10707
-860
5836
-4766
-8926
-5185
3080
5893
-6308
1218
20177
14522
8257
2848
-2018
5261
190
-539
-365
-12903
40
9262
575
6993
5279
-1971
2365
2859
-94
1508
4358
-2658
-9901
-5615
-1680
1369
-1396
-5250
3583
2657
1201
7327
-2927
-135
6587
-5068
1246
4069
-7360
-5094
-286
1790
4029
2336
-11497
-11486
9844
5337
47
8822
774
-3499
-900
-404
-2675
-5737
-3275
-5523
-5018
811
1637
-5993
-9522
706
2671
1431
22
-1704
4803
-1151
-464
5661
787
2636
-3761
-1799
8430
6530
9883
2077
929
11137
-2221
-5333
6072
4475
-1042
-6190
-1215
5881
-5429
-8331
3349
2410
2289
123
-8912
-5447
-3343
-294
1589
-2964
3253
2912
3520
9223
730
-2713
1240
2052
-4451
-5884
2350
2551
8759
5625
-9749
-7441
-4343
-1345
1825
3622
4350
-5924
-4454
-4290
-8479
1388
2159
2266
5088
1666
-1533
-529
5288
-4206
-6603
5143
4065
8472
5087
-3750
3257
2901
3768
7099
-1381
-4694
-339
1179
2981
2433
-1523
6127
6507
-3978
820
-926
-2975
5421
4457
9403
7659
-6558
-2978
2796
-1539
1854
242
-6814
3314
1008
-13586
-9062
-3621
1997
150
-3035
7412
-1136
-6819
2366
132
249
2752
560
2117
10247
2085
-6909
4192
-4534
-5504
11155
5832
-1746
-2743
9879
13169
-6797
-10699
-2236
4084
485
690
5579
5629
11016
-7556
-12857
6348
-1541
-1565
-158
-6512
2136
4491
-2805
-2650
5097
-10294
-13772
3480
-5380
-3208
-7427
-9239
11042
-1835
-3208
482
-11038
-5561
-10376
-3296
5093
-2245
1356
-1127
-686
-124
-1305
357
-5081
517
-824
-5094
2715
-3646
-6384
525
-608
-2539
-4098
1927
14785
9947
-2135
1666
2921
-1552
-3893
-2680
9710
6509
-5920
2419
1633
-8980
1124
10016
-614
-7020
-3896
6058
17133
3946
-3608
6414
-2922
-5359
2035
133
1979
-5070
-9031
-2873
-3710
21
5459
2778
-4955
-207
8812
-5732
-8407
2236
3103
9902
-2459
-13046
4570
8434
785
-3123
373
-1093
-7629
8376
3745
-15373
673
3704
-8627
-706
2140
-4643
-3054
4129
4872
210
1215
-5007
-12091
5872
7740
-7996
3447
4516
-2919
2035
-3037
-1352
2189
2324
1667
-4373
1453
1622
-4630
-1915
2136
1655
871
9893
1635
-2744
11009
-3807
-8846
2703
-7907
-10759
4715
3080
-8088
9844
3753
-18189
3980
5387
1097
11896
-1682
-120
2819
-4379
3834
5566
-79
2934
6415
-1563
-2105
5182
7434
9413
3056
-4107
-9699
-4895
4577
-699
4075
5707
-899
-20
37
3640
23
1568
2551
-1132
3960
-9465
-5519
13137
7613
1016
-8644
-2691
7592
6382
8425
-4875
-6810
-1291
-2242
70
-7334
2506
2876
-9202
8000
11863
2075
581
1700
1276
-6235
285
6551
4457
4727
-643
-1055
-8048
-8042
5265
-2815
-2413
5686
-2337
2747
3189
-10659
-4066
8508
3595
-2613
-6918
-10631
-3889
-5123
-8872
2428
4041
124
4350
4699
-331
-5208
-919
5703
1484
-6349
-2087
6065
783
-1373
-615
-4873
-4364
-5303
-3259
1314
4669
1156
-3711
8007
-1358
-13615
6193
2815
-7121
7499
10284
5756
5359
-6616
-6461
13572
7689
3274
11618
485
3458
521
-4605
7371
-6371
-6477
7940
2513
-3353
-5781
3287
4252
4330
10364
2797
6760
2867
-4054
4906
363
1577
3122
-7054
-8180
-6345
-3177
1165
5196
-421
-7119
5106
3703
-5408
5606
2992
-3256
7149
5895
2687
887
-6070
-209
-3941
-15437
-6977
-4340
-7670
7521
11898
-1346
1929
1630
-5907
-528
1060
4104
-6382
-12120
5494
-5316
-2750
14769
2240
-872
-1706
2847
3153
-8292
7605
8630
-11078
-14938
-3818
2445
-10448
3847
18042
474
2582
2572
-5441
2579
-1669
-11701
-5704
5038
10274
3714
-2060
4470
-2714
-2164
14772
5086
6305
14762
-566
4094
8297
-429
1564
-3901
-3955
4890
3591
3475
-1683
-9226
3270
10291
1032
-6271
-8005
552
-529
-1840
3760
-1976
3358
1579
427
7536
-8733
736
11897
-1220
7210
4197
-3534
-3941
-10579
-2716
-3254
-5480
1878
-3391
4587
9206
-8200
1615
7614
-9696
-3357
-2167
-3523
4031
848
9399
4051
-4225
5041
-2359
-4334
-1922
-4711
-3160
-2447
288
2488
7231
-516
-1592
9172
177
-1447
3653
8081
-62
-8362
9449
-3133
-5390
12327
-1100
5515
2837
-10805
-3773
-8771
-5372
3891
1389
-6154
-3665
3379
-3089
194
538
-2920
-330
-5659
-2166
-2815
-2928
7248
-79
-9310
711
8121
-903
-2198
1144
1378
4859
2300
4136
-3357
-7596
5407
782
-5487
-10375
-8577
1128
-5670
-907
5179
-1421
-5366
-3751
3753
654
1023
-478
-4877
138
-3538
4066
6854
3176
9856
-3966
-4027
7109
710
447
-1672
-1172
-2425
-13052
-9393
3242
9219
2169
-4672
5026
8286
-3949
-5277
-1447
-2554
3624
2190
-5152
-6373
-9197
-8746
-5904
2426
4152
-6167
-4687
-3284
-4069
-4996
-10222
1177
8010
-2373
-4988
-3744
-5980
-6398
-2481
1656
289
-2733
-113
-3127
-12377
-2179
6950
-944
3099
6029
3717
10067
3310
-5365
1631
-756
-12189
-4045
8054
-3017
-5019
1476
-6534
3489
6527
-7784
730
2429
220
2148
-2110
7097
4626
-652
-810
-5755
1706
-4626
362
8398
-11407
-1921
1687
-9993
-755
-7655
-7474
5513
5411
1626
660
5789
-391
-1650
6756
820
-41
4499
3830
-5902
-10671
6412
13860
12019
9445
2625
4788
-3836
-11375
-2146
575
4258
3378
-3885
243
2758
4007
7449
84
-6946
-1877
2226
-1942
-5704
-4391
-2188
-4820
-2112
4831
1349
2666
2767
-1646
2108
-6432
-3591
9113
288
-224
-1691
-2127
7081
-2980
-5855
576
43
-860
-2536
5907
8410
19
-9839
-15338
-10202
-4957
9231
5094
-11097
-676
-4666
-3367
9367
460
6262
3821
-3861
3748
-10382
-9311
1388
-6589
3567
4417
-1255
12490
9420
4865
2741
-10235
-8322
-6560
-1096
9638
1321
-1695
-1642
-1829
5232
3323
6501
3038
-11211
-8423
-3998
-6625
-4011
3482
2906
1486
5133
-8935
-12396
2690
2080
6529
8151
-3579
736
6374
3226
3291
3032
-2925
-7639
1112
499
-8422
-50
-173
-289
7358
-2929
1299
8587
-3810
3976
13692
3778
-1054
3761
3092
-4456
135
1495
-5536
856
2100
670
4774
-2744
-5423
822
2871
3040
-2544
-4888
-2391
-3773
-4019
-6756
933
7975
-5059
-4746
-5404
-5593
12737
7653
3655
457
-13389
3334
6306
-5939
-1051
1667
3277
-5170
-1132
8872
-1959
4301
10813
360
-3458
-7279
-7703
-2903
-1271
259
4116
6912
5377
-801
269
6861
1545
-1251
-5201
-8080
-699
-9667
-4933
431
-16585
-4308
-2121
-14193
1701
11087
12827
9063
-2153
-5290
4918
13352
-3622
-5810
8556
6909
8092
2058
-1600
3855
1658
3773
-5737
-7767
9466
5141
-1256
2441
7642
14064
3645
-4070
2
-1916
-7959
-9130
-3239
-5088
-6288
-8055
-4495
17269
6510
-4076
7195
-5641
2725
642
-11170
19096
9477
-7737
9334
2764
-4792
-796
7740
2096
-14329
-4586
-3805
-10822
-1344
-287
-134
3926
5032
10308
7731
-5572
-6087
2263
5620
8264
6008
6234
7396
2714
2369
-2035
-3375
3760
1093
-761
4105
2448
4443
4653
-8474
-5208
-2087
-5867
8462
-6216
-13646
6843
-4435
1459
2260
-12224
8150
2004
2194
16330
-5516
879
9728
-1147
3401
-2804
-2972
-2205
-7604
6574
3145
-7080
-613
1905
13877
5695
-13945
3887
6178
-3881
4949
-1105
-1
7490
928
1300
-4453
-13806
-4397
6681
7249
7588
237
-9316
-3487
-4879
-3855
8903
7646
10272
3872
-6155
6687
-610
-2659
7242
-10074
-3962
7679
-1700
4084
2147
3647
13591
4538
624
2039
3343
3997
943
1486
-3556
5481
6916
-14851
-10328
-12179
-16764
4858
238
-4209
4458
-4256
304
4695
-4657
-4716
512
3364
-3985
-5961
556
-5366
-2999
9113
10455
1833
-5325
2868
4045
2507
4108
-10359
-666
16138
7719
-3303
-14529
1523
10825
-4010
2844
559
-5211
-8237
-6824
12543
2100
-5517
470
-9109
-894
2831
-3926
-5444
-9857
-3394
6503
-1172
-14789
-3945
6345
-1742
-8100
-10265
3594
7089
3701
5004
-9325
6537
16171
-5908
156
-313
-9988
-4338
-2989
-673
243
2877
6414
-3733
-12257
-5249
-1593
-1513
4239
768
585
2673
-4757
-2621
2713
589
-2564
2138
-613
-12699
-5321
1408
5248
8073
-2268
2989
5901
609
3635
-842
-700
306
-2023
-1322
-5927
-1777
8186
7136
1952
-1189
-4290
-1885
287
-5789
-1920
5003
2887
3473
269
-942
3427
399
249
2047
-2501
-1348
2760
1430
2418
6514
-110
-9347
571
-471
-13348
-3542
-2256
-2388
3947
-4575
-2281
-5686
-5758
2957
-9424
-7110
1098
873
1495
-1852
494
1257
5260
-4077
-4740
6181
-12445
-2240
9351
1665
10376
-2225
-1666
4688
3312
3031
-9715
3207
-5952
-16818
1323
-7239
2548
10379
1907
5829
-4689
-7922
-1003
1637
-6701
-8399
4084
2807
4960
3516
-477
-3105
-7535
4729
4913
-237
-1744
-586
5070
-2527
752
2919
4650
2446
-3842
13911
3477
122
11727
-3254
5900
2461
-5027
3282
-4940
-4454
-8497
-4751
696
-1058
9569
3807
-810
-1825
-515
6112
-95
-142
-1709
5405
13180
7404
7306
-1288
-2313
-3014
1898
10968
-8082
-3339
2435
-3180
13039
3538
-4978
1162
-3807
-6086
-5387
3660
3807
-1455
-48
3020
8840
-3687
-9360
-950
-1575
6247
6745
-1052
-5492
-11524
-6270
-2815
-735
1502
-6772
963
14640
11697
7974
4777
1253
-2202
-5127
145
6017
501
-9575
-2048
7321
-2510
-886
10179
1839
-9778
-564
7331
-4816
-5695
806
4032
5570
-8948
-3825
8952
6776
12273
-4251
-11150
8325
3521
-66
4627
6384
6972
-1079
4691
8478
-4638
-5078
2429
1109
42
3720
1787
746
5339
1496
-3174
-2810
-3078
4738
6577
-4766
-3002
1096
-4725
-6384
-4721
1327
3371
2268
-741
-10102
-5474
-1473
-880
1537
-2998
8989
3316
-11157
3939
2486
-276
2333
-5041
-3404
-1833
5183
-2391
-5063
11119
-4259
-2509
11693
-242
4437
7371
6607
5970
-4574
-2003
-3635
-6267
-1022
-1814
-5082
-7189
-731
3049
2991
1387
-580
4314
-3362
-1547
5586
-3524
2942
7094
9652
11888
-1252
1096
1166
-47
3695
-3205
1657
1229
-4494
-5681
-10478
-8648
-7403
2581
6174
-3409
-2692
-2047
3150
5355
5982
5190
-3001
7346
2761
-9876
-66
1454
4040
-3981
-13804
-1458
-2686
347
8504
-4804
-2803
4454
-7744
-2541
7468
3689
5616
-5582
-7920
7576
5147
5983
1828
-4834
1350
-6640
-4529
6831
-2937
-14317
-5752
6721
-188
-5353
-3021
-3353
639
5871
1724
-12552
-4433
8259
-1209
-3708
718
5204
-4838
-8044
6148
580
4738
4760
-783
7239
-10903
-4414
14874
-2460
-3297
3192
-2605
-5907
-2892
2368
-5381
-9226
687
1880
-4081
-426
226
2420
7977
205
4972
9544
6208
3629
-7976
5655
4406
-7222
13203
221
-10876
-748
-7738
56
3756
-6518
-12558
-3730
5786
-3432
4571
3545
-8373
7634
5233
-2588
5201
-5021
-8377
103
-1134
1871
558
-3449
6846
10936
11361
3624
-14424
-3969
6580
1337
383
-12047
-13084
-3462
749
8997
3213
-660
7270
2137
-3920
3407
5062
-3200
5976
13811
2219
3743
5816
-2654
-6060
-6436
613
2898
532
1056
-1758
1269
-4983
-8866
5368
3901
2321
2683
-8458
-2041
1286
-7125
-4782
1251
6706
-1717
-11887
-3342
-2088
-5447
2910
-1503
-11694
-755
7596
-519
-4303
-2610
-5936
-7302
-2818
-8096
-4256
8976
-6115
-9819
6763
97
-5859
-4350
-6498
-3148
566
-172
-1944
5150
8663
198
-583
-685
-6901
