71  
106
120
219
181
72
42
184
163
65
246
11
94
202
155
244
77
147
183
47
20
21
241
254
103
236
223
237
44
48
169
108
248
156
20
131
1
12
168
166
115
208
189
232
196
116
243
94
151
60
53
104
241
199
5
141
200
245
80
187
247
31
194
69
253
55
120
82
205
132
115
233
205
53
16
111
153
23
26
163
9
152
159
38
57
191
71
68
78
208
191
192
182
41
34
44
84
81
118
203
60
116
87
105
137
23
228
36
150
220
33
191
117
32
217
147
58
109
190
64
224
190
149
28
26
248
62
174
186
159
124
201
188
11
181
90
121
223
131
23
251
14
183
247
58
75
87
182
168
183
109
11
219
210
28
178
63
229
254
16
181
9
34
165
46
44
163
51
50
123
9
157
70
222
158
153
112
183
225
114
68
50
65
164
87
55
211
59
71
42
184
163
65
246
11
94
202
155
244
77
147
183
47
20
21
241
254
103
236
223
237
44
48
169
108
248
156
20
131
1
12
168
166
115
208
189
232
196
116
243
94
151
60
53
104
241
199
5
141
200
245
80
187
247
31
194
69
253
55
120
82
205
132
115
233
205
53
16
111
153
23
26
163
9
152
159
38
57
191
71
68
78
208
191
192
182
41
34
44
84
81
118
203
60
116
87
105
137
23
228
36
150
220
33
191
117
32
217
147
58
109
190
64
224
190
149
28
26
248
62
174
186
159
124
201
188
11
181
90
121
223
131
23
251
14
183
247
58
75
87
182
168
183
109
11
219
210
28
178
63
229
254
16
181
9
34
165
46
44
163
51
50
123
9
157
70
222
158
153
112
183
225
114
68
50
65
164
87
55
211
59
66
237
45
20
29
71
14
52
219
181
72
42
184
163
65
246
11
94
202
155
244
77
147
183
47
20
21
241
254
103
236
223
237
44
48
169
108
248
156
20
131
1
12
168
166
115
208
189
232
196
116
243
94
151
60
53
104
241
199
5
141
200
245
80
187
247
31
194
69
253
55
120
82
205
132
115
233
205
53
16
111
153
23
26
163
9
152
159
38
57
191
71
68
78
208
191
192
182
41
34
44
84
81
118
203
60
116
87
105
137
23
228
36
150
220
33
191
117
32
217
147
58
109
190
64
224
190
149
28
26
248
62
174
186
159
124
201
188
11
181
90
121
223
131
23
251
14
183
247
58
75
87
182
168
183
109
11
219
210
28
178
63
229
254
16
181
9
34
165
46
44
163
51
50
123
9
157
70
222
158
153
112
183
225
114
68
50
65
164
87
55
211
59